-28.738475 -23.410413 -33.879582
-54.196866 -31.666872 -55.451468
-31.884616 -32.571714 -28.840805
-22.519534 -24.045466 -22.395942
-21.145342 -21.264028 -20.530984
-21.618509 -27.739266 -34.8131
-21.64264 -43.067669 -87.120121
-21.073223 -21.452424 -21.314939
-19.985285 -65.464873 -31.434763
-20.044429 -20.421386 -20.470633
-25.615936 -20.088235 -66.718933
-20.052656 -19.944897 -19.033603
-19.12839 -17.442568 -19.074968
-18.241513 -20.027028 -18.273433
-21.615562 -37.125843 -66.974862
-18.968345 -19.387331 -18.685023
-15.976823 -16.412643 -15.611944
-18.735614 -17.370375 -18.998945
-68.299757 -67.804195 -69.181209
-16.11696 -17.06579 -87.659118
-14.756468 -14.669445 -14.69034
-15.300606 -14.864193 -14.706472
-14.998638 -15.02968 -16.724489
-14.003396 -16.308853 -13.948645
-13.184106 -13.30541 -13.297417
-13.335541 -14.563042 -19.91174
-48.597311 -26.124739 -82.039598
-13.458286 -28.201259 -67.132047
-10.438325 -11.302176 -10.089562
-11.360741 -11.260654 -12.010355
-11.597946 -12.518251 -11.367165
-11.388437 -11.468918 -11.441194
-10.500422 -9.560447 -8.923501
-9.460699 -9.685935 -10.684007
-12.499271 -49.189311 -85.134132
-10.747414 -67.327613 -55.644625
-7.884351 -7.58445 -8.163182
-7.011379 -7.127828 -9.146199
-4.25 -8.995621 -7.074383
-7.457961 -47.586093 -58.596748
-3.9 0.0 -4.146218
-4.1 -2.0 -4.125
-54.820095 -3.0 -56.070095
0.0 -2.0 -54.262358
-2.61 -3.57825 -20.002373
-2.7 -1.5 -2.7
-1.5 -3.15 -1.5
-1.8 -2.925 -62.815857
-1.875 0.0 -25.342517
-1.0 0.0 2.634577
-1.5 -1.0 -55.081929
-1.875 -1.5 -2.4375
34.437577 18.681749 161.676212
6.821499 19.735385 -23.790262
1.008392 3.197077 -26.735823
24.546843 25.659885 153.993022
-18.686392 -62.682712 -80.604792
-16.650939 -18.275559 -74.449104
-16.544422 -16.880038 -16.187107
-17.803961 -16.603044 -22.777538
-13.230489 -12.956678 -92.266144
-22.813257 -13.316561 -21.421091
-13.079305 -13.986536 -13.000632
-12.077308 -12.556897 -12.00642
-22.798351 -9.763957 -95.275887
-9.650353 -39.507805 -88.964557
-9.811329 -10.020775 -10.007158
-9.190719 -9.534772 -10.480152
-19.944191 -20.567343 -19.563956
-19.955992 -20.27717 -66.104776
-20.267002 -20.199492 -20.261475
-22.200245 -24.207352 -83.840364
-11.397851 -10.221688 -11.700108
-63.583918 -13.284128 -91.761974
-12.075944 -12.340919 -12.492747
-53.116106 -60.762278 -83.100183
-12.291851 -8.644069 -59.08636
-59.000872 -59.210815 -97.680076
-8.408564 -19.126449 -10.908514
-15.250781 -60.387949 -10.503729
-6.50717 -6.617252 -4.999303
-13.52625 -32.467637 -90.151794
-6.812291 -6.992808 -21.304723
-20.708751 -6.829376 -28.927728
-9.161622 -4.511154 -100.742164
-6.595116 -13.724218 -20.611999
-5.405858 -5.671717 -6.14645
-5.030995 -4.886743 -55.793181
-3.047769 -57.194889 -55.950677
-2.743174 -4.242934 -20.706231
-2.493566 -9.397419 -23.033135
-3.011455 -1.359052 -2.659639
53.187241 16.523869 163.877643
6.034315 13.632177 11.209418
5.593129 15.382297 -55.269312
13.567969 13.647182 14.856493
